2.456470849208562868e+01
6.250407206597446930e+01
4.857345785427787632e+01
2.049425774197883499e+01
2.032554074442919045e+01
2.715655404144490603e+01
2.283729772966194105e+01
3.682661244047631044e+01
2.564183157509121713e+01
3.955913610355867149e+01
4.989759374397362990e+01
2.942172432330698939e+01
3.207687373572116485e+01
3.206077945341894520e+01
3.059210462255850871e+01
5.520237274129613070e+01
1.792909954890176749e+01
3.657461762112507131e+01
2.957858100463272422e+01
3.026951842267408210e+01
3.222397158959211083e+01
2.525194297277676014e+01
5.308149930182844400e+01
3.622076639655278996e+01
3.301962333666597260e+01
2.365250580188518370e+01
3.203207040716824849e+01
3.169562771474738838e+01
2.737245131353120087e+01
3.798632466071285307e+01
4.062599519561626948e+01
5.614788473575754324e+01
3.103134445639807382e+01
1.992651557478296809e+01
2.325458576131154587e+01
5.473862144667691609e+00
2.384195024671453211e+01
1.965805320713843685e+01
2.810218151084427518e+01
2.436714492449800673e+01
3.710155785786810156e+01
2.382259697682532007e+01
3.969272896987206423e+01
3.432671308764111018e+01
2.567749166334444055e+01
2.814356652886135635e+01
3.912994262589381833e+01
2.190284388057710885e+01
2.115301856246892243e+01
5.467305161882541142e+01
2.413884381753268826e+01
2.667534184515557172e+01
3.176821068743811338e+01
2.465451536946056876e+01
4.967898349807364866e+01
4.660771931775161647e+01
2.936026754144631923e+01
3.699341364771680674e+01
3.078639898544861353e+01
2.558914190734685690e+01
4.316358115067851031e+01
2.306153099166203901e+01
4.727602191629557637e+01
3.913590837101946818e+01
2.887575725551869255e+01
4.063016663224038894e+01
2.915571185256158060e+01
2.666464714180619922e+01
3.690895499822363490e+01
3.915304899762850255e+01
2.509537580102948340e+01
3.497582366123970132e+01
2.332129227157069806e+01
2.655771758678019978e+01
2.504107570513644987e+01
4.657902363818720914e+00
2.068691069828410534e+01
2.583064278024539817e+01
3.480798135371151147e+01
5.534577021958830301e+01
2.553647389727029804e+01
2.124065865994488078e+01
2.436784933225499117e+01
2.809302498724173347e+01
4.592957514391696350e+01
3.617594812352399458e+01
3.381550653052545385e+01
6.272282017359975725e+01
2.511126565903299479e+01
3.147266139295606990e+01
1.948125116777373478e+01
2.480677222919621272e+01
5.260604066630185116e+01
3.357794169545741170e+01
2.817374793968792801e+01
2.522370360321110638e+01
3.527035598852671683e+01
5.818525561396381818e+01
2.604796880366245659e+01
1.188259078763803700e+01
2.719758412449300522e+01
4.894067736607075858e+01
3.746340917179531971e+01
3.737753701828842168e+01
3.274040973902810947e+01
3.785642325348089798e+01
4.184134377370355651e+01
3.431036478098940279e+01
3.128111770708892436e+01
2.431063998466925113e+01
2.976755205346853472e+01
2.974129845499714975e+01
5.398804846451866979e+00
2.995774808350597596e+01
2.449373541120863251e+01
2.346720296958164909e+01
3.453564759296932607e+01
2.938367042157187825e+01
2.488784986424798262e+01
5.262659851822900237e+01
4.628142292721895501e+01
4.149391288243441522e+01
2.461304086512512868e+01
4.265581152904269402e+01
2.747827320428041276e+01
4.502859689581237035e+01
3.517416982755821664e+01
2.380322371828924588e+01
2.556605258106719702e+01
2.475908629374893621e+01
2.991885615493083606e+01
2.955899668448390116e+01
5.440288397796348363e+01
7.113660747897665715e+01
3.292987451524868447e+01
2.439846683084851975e+01
4.439922336905146949e+01
4.892859978170599788e+01
2.643625672440020935e+01
4.421067961725202622e+01
2.689135008925222792e+01
4.175391947770776824e+00
2.219846622687782656e+01
2.753578995428870257e+01
2.405138539027939260e+01
1.097968959372883546e+01
3.668080909055606753e+01
4.768209595698863268e+01
4.629548792279820191e+01
5.498661203244409990e+01
3.284393371685928287e+01
3.044742503591987770e+01
2.927464426326361036e+01
2.627270929906626407e+01
3.609270688869764854e+01
2.760778628461378048e+01
7.293012440076563507e+01
2.710851199905300746e+01
4.849923569769089227e+01
7.489715941372378438e+01
2.318549220714589865e+01
4.014738923425829853e+01
5.399914495150374449e+01
6.653387545287841931e+01
2.356252920609267676e+01
5.561464791384059936e+01
5.839327187082955106e+01
2.857027279792964691e+01
2.990847825248056324e+01
4.960105938330525532e+01
2.873263729979953496e+01
2.416557401884028877e+01
3.122852174247236690e+01
3.179977898779907264e+01
2.655637907095660921e+01
2.426747059226090641e+01
2.050450074015998325e+01
2.264427607519064622e+01
2.100667095528930517e+01
1.590732865736572421e+01
2.358535465946533805e+01
5.190583083515230101e+01
4.222635805056415848e+01
3.342274234548767708e+01
3.067231194095415958e+01
3.437353296958463034e+01
2.894544453134585638e+01
3.393370199227319972e+00
2.687086724405844507e+01
3.939980785409716191e+01
2.266936821999843232e+01
2.253910509938475570e+01
4.863975598616343632e+01
7.687130749874086177e+01
3.442890344323677709e+01
4.765906925287708873e+01
2.044262929348579405e+01
4.675945847116418008e+01
2.301336745968774267e+01
2.403067519402065955e+01
4.431005982017086353e+01
2.956185895494127180e+01
4.603554221281228820e+01
2.714610951843565090e+01
2.117843418277698220e+01
2.159886253619140462e+01
2.619526005271438862e+01
2.488090472966177913e+01
4.470398316612408962e+01
2.824003296379669337e+01
2.616597949207789497e+01
2.832620536811191414e+01
4.221891246702580247e+01
4.587936627068847883e+01
4.325763905025087297e+01
2.655227978178299963e+01
4.045888030927380896e+01
4.710439385386052891e+01
2.644915176694894399e+01
2.520736352064841412e+01
2.119112160184272398e+01
5.226875693055626471e+01
3.549108295967016602e+01
3.652602546027173958e+01
2.502987265925912652e+01
3.107796032847545575e+01
3.474359077752887970e+01
2.658057053519587498e+01
5.517070596410633243e+01
3.923130162004599697e+01
4.043503379695903277e+01
2.457786582308881407e+01
3.087311111853341572e+01
2.697176194279256833e+01
2.566103209299785703e+01
3.393372911312326323e+01
4.427516487022512592e+01
2.449088474542013216e+01
2.772139726603381860e+01
4.154307243400035077e+01
2.988105476209784683e+01
2.122308661143861741e+01
3.202978289975362713e+01
2.423367979480190115e+01
3.396545256811805302e+01
3.038369889539308133e+01
3.864543080700877908e+01
4.083162136700411793e+01
3.757905766452563512e+01
2.703241175918083172e+01
3.922809434964437969e+01
2.939336717441619840e+01
3.133739207306643948e+01
4.139262081335618859e+01
4.413903415842651157e+01
2.632393668388613150e+01
2.628650248937447031e+01
2.022592067674082728e+01
3.529931186678732047e+01
4.922555663897946943e+01
1.763925151022158389e+01
3.814221249930415070e+01
3.062233368759189034e+01
4.553307156104710884e+01
2.535315182432032088e+01
3.540510904895654676e+01
2.249159825866490792e+01
5.172709258149552625e+01
4.699188514903653413e+01
6.230391563603188843e+01
3.283955376845551655e+01
3.103892726511912770e+01
4.428866965218185214e+01
2.634168201434067669e+01
3.988289113410473874e+01
4.359363987249798456e+00
3.308350164377588953e+01
2.650461986135269399e+01
6.169693329172878293e+01
2.735789623281777949e+01
3.334484185083420016e+01
5.703707657246104645e+01
2.433055165957921417e+01
1.286882173655328643e+00
5.644450206705369055e+01
3.503049012747942470e+01
1.627906088474628632e+01
3.370588343189592706e+01
6.532733283702691551e+01
4.278000307237198285e+01
2.076669773446883482e+01
3.702703317346458789e+01
4.104983263188842102e+01
2.812435953436670388e+01
4.251025807159021497e+01
3.581157420837553218e+01
2.612511487018855405e+01
4.153573117680753057e+01
2.818934788504702738e+01
2.293592340806071661e+01
2.512267493167848897e+01
2.408317193713220661e+01
3.901559056301448436e+01
4.420610978724766937e+01
2.409577616012029466e+01
4.713884923798229920e+01
2.491174163018477827e+01
3.057152571621077186e+01
4.865898445530910976e+01
2.630191513198587927e+01
2.603591894886699265e+01
2.937737921181542333e+01
3.982603226273931796e+01
5.057961376387517305e+01
2.959004549262681394e+01
3.211596486811686191e+01
2.163412634466453000e+01
2.284959594648967141e+01
6.423193778833956458e+01
6.461850092164240777e+01
2.803202991557918722e+01
2.372519139665541843e+01
4.656182055686400645e+00
2.662519369508299860e+01
4.842936847201781347e+01
3.108721327097600806e+01
7.449848660026327707e+01
5.531342858634889126e+01
4.348988402991744806e+01
2.968792812632455025e+01
3.377332662614935543e+01
5.779394389659864828e+01
4.107261043030848668e+01
3.887628844705614028e+01
3.446259875810937956e+01
2.196024349106664886e+01
4.939016239882403170e+01
2.586632133984016946e+01
4.014524412631863015e+01
6.978714375660638325e+01
2.818663265213237423e+01
2.791118334340353613e+01
4.042712108220439404e+01
2.574464948692548205e+01
2.296605978917102675e+01
3.591441877867328003e+01
2.524436164594953880e+01
5.579949061983916181e+01
3.257916275509114712e+01
2.467674320588048431e+01
4.245993115057717660e+01
2.612781971036361028e+01
2.495216919528533595e+01
3.387646086656604894e+01
2.637188496292401396e+01
1.987895507742433665e+01
2.751817826757178409e+01
1.997379206101072668e+00
3.498463155225908849e+01
4.870877194163040258e+01
2.337166362407560882e+01
2.511842214456100919e+01
3.445061472343513742e+01
2.750213105634247768e+01
3.527285333799045475e+01
3.360013601991704491e+01
4.952851622470188886e+01
3.536902561003807932e+01
2.907847125018270162e+01
5.093265543975985565e+01
2.270254965014055415e+01
4.234415835623030944e+01
1.643445694603695983e+01
3.291388180513604311e+01
6.257672187516618578e+00
3.263846103662217502e+01
2.317801684931055206e+01
4.543879085244907401e+01
2.950093480415671365e+01
3.457016155013116077e+01
2.276568024489188247e+01
3.669342209317619563e+01
1.625773247310748104e+01
2.290412454372369666e+01
4.674805098135220760e+01
7.168133670466886542e+01
5.826226475123257842e+01
2.774433152856363449e+01
5.092395046310025464e+01
2.140552139976153967e+01
3.097341070875700098e+01
2.482605734917160589e+01
2.437975767876595512e+01
2.809980191539216321e+01
5.242654414317803457e+01
1.765197161962350947e+01
2.117271880267981032e+01
3.422381443800259149e+01
2.388456329649708465e+01
2.553661057277281543e+01
3.986026307399151847e+01
4.767193658884571050e+01
3.904240396082059306e+01
3.712498570727620972e+01
2.513257889740384599e+01
3.599389533667999785e+01
2.522120986246613938e+01
5.901135772188354167e+01
3.527131880230899696e+01
2.492654559863910890e+01
4.309325519558296946e+01
5.375270057731540874e+01
5.214673867828605580e+01
2.677348242321750149e+01
2.401448726147373236e+01
3.936296456228956231e+01
3.552479621189195313e+01
3.116850780290042167e+01
2.296759066574713870e+01
2.902229586555654350e+01
2.363398871336630691e+01
2.190758593729299264e+01
2.689153084008648875e+01
3.561557827195429127e+01
4.476217940204890056e+01
3.634079154147912050e+01
2.354554149016985320e+01
1.963870315785584353e+01
2.772155404006480239e+01
2.259069433352124179e+01
2.598276770647032663e+01
5.502898562882364786e+01
4.599644201079331651e+01
2.078358503307490679e+01
5.889854885057138745e+01
4.519345178134244634e+00
3.932359984938375419e+01
5.359940225743918063e+01
2.181215058499037696e+01
2.292314191616287644e+01
4.298271358281272114e+01
2.346276468093128642e+01
4.542256309772164968e+01
4.353146903000742896e+01
3.901556113194601494e+01
3.638145643429839993e+01
3.960139811798580922e+01
2.154423416609643027e+01
3.711141999409665004e+01
5.072219190936084487e+01
3.322217171711736228e+01
3.358914301503682509e+01
2.346077699201850919e+01
6.667484966466145124e+01
2.679424273947688562e+01
2.207169872546123202e+01
2.594171366507913490e+01
2.679351751912884083e+01
2.158559900374893914e+01
3.306733386633561622e+01
3.104499592373031192e+01
2.875678983623856766e+01
3.879273313240264542e+01
6.474084719576057978e+01
4.280501000654840027e+01
4.296506630734074861e+01
1.955838574991321366e+01
3.350415176375099691e+01
5.267790387945876773e+01
6.675414725094742607e+01
6.964516772939532530e+01
4.612470689450037753e+01
3.086421991726820124e+01
2.194302097713512012e+01
5.576963657169835642e+01
5.066191162988707219e+01
2.253796445746979771e+01
2.783278662730299402e+01
2.262686117521434426e+01
4.349393995168793481e+01
2.947573269465647172e+01
3.054496137204114348e+01
3.808629498805566982e+01
2.418697236933417116e+01
2.457183195953257382e+01
6.021345539903268218e+01
2.683839049218386208e+01
3.409963134300778620e+01
2.196001448095194064e+01
3.550563208914536517e+01
3.167961161716789320e+01
2.667696278081893979e+01
4.383515712852340585e+01
3.066641725181034417e+01
2.669397350101718303e+01
3.423177163849686622e+01
2.793417177498554338e+01
3.134110921116734971e+01
2.239924596228379983e+01
2.941694645557436161e+01
2.584713239193479239e+01
1.819763490395172312e+01
3.922202035231748596e+01
6.602385591403617582e+01
4.783674771192454500e+01
7.312550046815078986e+01
3.173476224853584426e+01
2.968470522096208697e+01
5.152256913320161402e+01
3.742439085560909007e+01
3.626133496057627781e+01
2.350363725470378995e+01
3.055574843361318926e+01
2.708421884314856243e+01
2.785725593291772384e+01
3.273677406251431421e+01
3.220832739027537173e+01
2.117977630707582648e+01
2.615681849752292010e+01
2.732717720408436435e+01
4.517845333784316608e+01
2.567615708930679830e+01
4.694706612567824777e+01
5.122063887184208397e+01
4.381635323858790798e+01
3.789576173653040314e+01
5.989957662226504453e+01
2.550631534435797221e+01
2.669151798395523656e+01
2.190306889899207476e+01
3.722188798056595260e+01
3.540270514301664662e+01
3.164714201504830271e+01
2.592350307142027077e+01
3.372015654429560527e+01
5.336514450621325523e+01
3.021147781876061345e+01
1.860814437133054611e+01
3.839816554501777546e+01
2.658086674737927524e+01
3.869839696097915294e+01
4.441197165923949797e+01
5.593623191359074553e+01
2.239869688920163071e+01
4.502640584298933391e+01
2.322653132980667579e+01
2.419676386464004736e+01
3.952529206241524662e+01
5.565299948063420743e+01
2.932870033419749234e+01
2.561053660083177874e+01
2.316047857196730320e+01
6.141563040369874216e+01
7.225671862003218848e+01
3.539634780906635569e+01
2.608111075020860881e+01
2.541895406444962191e+01
2.338367259884205396e+01
9.629829462974157650e+00
3.036032262787375657e+01
4.678035071498015895e+01
1.274280586162512918e+01
1.553465102659902186e+01
5.971398706484615104e+01
3.017035589278384577e+01
5.721710692008491606e+01
2.545267518524855177e+01
2.360311610205462785e+01
2.153045832791030989e+01
3.072541498744294586e+01
3.086923154534935065e+01
5.553410882538545934e+01
2.250709856058352898e+01
3.990782429817772936e+01
2.707212433097618032e+01
1.449284686040482484e+01
2.541395975838167942e+01
3.837589179965094388e+01
2.601469889891359344e+01
2.115696200667480298e+01
2.175975512671266188e+01
5.197234360580114299e+01
2.709031467007935134e+01
7.298556639378057298e+01
3.694918947690166533e+01
2.562472101997991558e+01
2.292756133925627182e+01
4.211146834622195456e+01
4.170400935460929759e+01
4.484847103585707373e+01
2.782843659486297838e+01
2.058739564639848396e+01
3.781388340010016691e+01
2.924772428398500779e+01
2.780380672089063410e+01
5.904760394136246759e+00
2.602672064837315702e+01
2.899844154044967581e+01
6.375955627279472537e+01
6.002812489200732671e+01
2.957348282966268016e+01
2.236235693837795679e+01
3.072207210151645995e+01
1.871470155495343590e+01
3.510043190727719775e+01
4.425174942897956498e+01
4.482823582903984061e+01
3.062520709431305477e+01
5.408703632225024194e+01
2.292066648554727237e+01
2.340900699390294903e+01
4.571963188657537103e+01
4.946115747001022100e+01
5.475772403887822293e+01
3.667720488573831972e+01
3.126117755794257391e+01
1.888484040791451690e+01
2.431218252650023715e+01
2.631910876782785635e+01
2.078516326265230418e+01
2.498388638468532008e+01
5.769913186335770661e+00
2.950043949075370620e+01
3.690770465567766223e+01
2.589856191934563867e+01
3.250408680592408928e+01
2.508810580848876270e+01
3.487472869951625398e+01
4.001612459619354922e+01
3.212721789896386326e+01
4.883109849560537441e+01
2.555835821887012571e+01
2.636782283788852510e+01
5.895781703168381682e+00
2.874374733153308625e+01
7.893465728270530235e+01
3.073225552796793636e+01
2.886921718287408112e+01
4.495254022713379527e+01
2.513050620809372049e+01
2.291525858464956400e+01
5.071580492533394136e+01
2.022031294980388338e+01
3.194895154988444119e+01
2.791380642458966577e+01
2.308399941845596004e+01
3.152433611693982130e+01
2.844905007959823706e+01
2.411258054510290094e+01
3.806477845660992898e+00
2.451917232042387695e+01
2.522235643021726048e+01
4.310725639077361393e+00
3.486894596290221671e+01
2.796150973904218517e+01
2.849088510420369857e+01
5.715032554298159084e+01
2.442221662472366006e+01
2.486468195570478201e+01
5.782905991117377198e+01
4.082235478569964471e+01
3.256360363284511550e+01
3.607367272773990408e+01
2.884278197415551404e+01
3.042570330496528186e+01
5.712288331113450113e+01
3.703575730556713097e+01
3.213597839356225450e+01
4.297158472280716524e+01
3.069481834702855849e+01
2.313326510267734193e+01
2.338689474896602860e+01
2.542594951369937917e+01
4.685546855075017447e+00
6.394559581138310023e+01
4.387079733255086467e+01
4.312616288116623764e+01
2.393619390375533840e+01
3.896453892470526625e+01
3.463264191824418958e+01
2.734411466823871706e+01
2.842948502770377672e+01
1.942537570633800215e+01
2.280563698877654133e+01
3.908611212526420786e+01
2.397238625108548149e+01
2.543549490524108592e+01
3.089006434116345190e+01
5.912687182325316826e+01
3.816680913988602697e+01
3.238034714094055744e+00
2.474027115556509671e+01
5.034361327688384335e+01
2.774675352314511656e+01
2.856812251314113382e+01
2.684418978158191749e+01
4.206739974929951131e+01
1.885236697622246282e+01
2.171678287450657763e+01
4.268386685568839312e+01
3.542066693038213998e+01
2.889470223516582337e+01
2.028788000424651727e+01
2.202391967194108702e+01
2.775994584041836788e+01
2.429747751740796957e+01
3.447432123360340483e+01
2.581993908273580018e+01
2.482302115416604238e+01
5.940595520536589902e+00
1.840777258909656666e+01
4.035626767521830516e+01
5.236894131200187985e+01
2.614756181241318700e+01
3.531874415645506815e+01
3.861214827611183864e+01
2.918842813166338601e+01
4.436270970866826246e+01
5.152040653431322426e+01
5.386437665671110153e+01
3.700116249431812321e+01
4.748061214995686896e+01
6.501052530064043822e+01
4.346710045180589077e+01
2.375526484164220165e+01
4.281394096049189102e+01
4.920845012055360712e+01
1.661449493910185993e+01
1.393891179918136913e+01
4.551564072224221036e+01
2.186322688657060098e+01
2.913932903352593939e+01
3.116455268586287275e+01
4.550928707668390416e+01
2.883380344503348169e+01
2.700589258937020531e+01
5.887374007111066021e+01
4.180252330701478058e+01
6.482784692076893407e+01
3.569871185525335022e+01
2.696536147996084765e+01
3.739903411700288416e+01
2.368927593525518205e+01
4.433803861256456003e+01
2.827317740026001047e+01
2.033492937864639316e+01
2.348471149893157417e+01
3.449479898199570016e+01
3.089231097670563031e+01
4.261941501986439107e+01
2.595940660301130265e+01
3.192106798362169684e+01
4.023097296872583684e+01
3.590740185050071887e+01
2.461159829370353691e+01
2.810014114542718744e+01
2.344298464292501194e+01
2.190497308471259430e+01
2.476064217043432336e+01
5.172481405879898375e+01
1.238408356807557453e+00
2.160914280566703383e+01
2.360859067048204452e+01
2.284308015243186674e+01
7.210727084086101968e+00
3.539454500659485348e+01
7.643918250009301119e+01
4.559785549977459596e+01
3.614432841478856062e+01
5.165908975663978708e+01
4.110474820813396946e+01
2.553268771023090267e+01
3.093118887021773844e+01
4.700784609152469784e+01
2.449571505367566715e+01
3.841712207860564376e+01
2.959061969709682671e+01
4.057987957269142498e+01
5.020285650965524837e+01
3.498885482802870683e+01
2.820480844586563762e+01
2.074008402237041082e+01
1.497931096670799889e+01
2.663367012863341188e+01
2.619030956542701460e+01
2.561084329157654338e+01
3.375154811909305863e+01
2.308460408771361472e+01
1.833737907978138537e+01
3.844416323557379656e+01
4.822861267042487299e+00
4.657338162253358860e+01
2.920603952706369455e+01
2.950140832064789720e+01
2.700826789365055447e+01
4.951946864796173031e+01
5.761151925375452265e+01
2.471763210739936767e+01
3.178467597973940428e+01
2.534162379436020274e+01
1.494512473633676564e+00
3.003432392873037315e+01
1.130583148729056120e+01
2.369377727358988750e+01
4.335755543073173612e+01
2.609656492472186073e+01
2.623425494130356128e+01
3.654998701606382383e+01
3.494117133039253531e+01
2.604128038568217107e+01
2.627280488831365801e+01
3.728013493810431100e+01
2.610589330259881535e+01
2.935858927904337179e+01
2.208603427778962214e+01
2.370773306275816594e+01
3.002412439662293764e+01
4.877493996688713196e+01
3.278262877585802926e+01
4.961974734353043459e+01
5.803208980239287484e+01
1.424676566875859862e+01
4.036214113003734383e+01
4.130445159336886718e+01
6.868055390839617758e+01
3.517200229642912745e+01
2.886374337350116548e+01
2.348436942217358592e+01
5.590089189411969528e+01
1.440138261667743791e+01
2.762550980759260710e+01
2.144047377121728459e+01
3.211785766062985203e+01
2.745149242745083029e+01
4.721200832243783907e+01
2.810096705790965643e+01
2.887953024269518210e+01
3.492488437415886438e+01
5.048912883018419961e+01
4.047496911095390715e+01
2.785931424449645988e+01
2.482822469375923902e+01
2.564677784127115956e+01
2.824532126638223417e+01
2.561145247000206382e+01
3.845767262135632336e+01
2.854721397572029673e+01
2.855859288577266852e+01
2.315781812025346653e+01
5.059058589324922650e+01
2.173191709505954350e+01
2.562534911052648567e+01
4.898360805887159586e+01
5.900725886530563002e+01
3.098673890467034653e+01
3.006188547577403369e+01
3.368467719516047509e+01
4.696292758540221257e+01
1.019760098752158228e+01
2.668497664703005512e+01
5.355012720044396701e+01
3.800749814594473719e+01
1.665399928791456574e+01
2.367660372432271743e+01
4.731309300094403625e+01
3.081768969104268763e+01
3.248455416247003313e+01
4.963984174866345711e+01
3.072614712355425581e+01
2.253900517057809338e+01
2.943652917239614908e+01
5.731297453256615881e+00
5.119593774517124984e+01
3.319911506764219666e+01
2.324288204885783671e+01
2.814798832341330126e+01
8.112112355829594890e+00
2.315760508429059428e+01
1.432965212043927750e+01
2.722613142361569771e+01
2.573935270671654507e+01
2.907933518583831756e+01
2.480288336061857990e+01
2.636595063183085585e+01
5.783328504596101993e+01
2.269034785905432727e+01
3.562818794950726442e+01
5.592947957316073371e+01
3.615642690713309548e+01
2.288181070646442095e+01
1.994096929606166668e+01
2.514739490883630424e+01
2.247504283879743525e+01
2.348540982055783388e+01
4.242823526748134100e+01
4.610007869983382989e+01
3.761803617299665348e+01
3.676949268668249715e+01
4.129118177734198980e+01
3.019775469871092355e+01
1.691786216471518856e+01
2.617076772092138981e+01
2.460747294177417643e+01
1.269386037197546102e+01
3.706284428828485034e+01
4.310772214600001462e+01
3.738148212249507196e+01
2.142642755484030204e+01
2.599173077939076393e+01
2.217275208921768126e+01
3.302672200626875565e+01
2.184904179174736782e+01
4.377520989795448259e+01
2.421714106533227095e+01
5.607985115084011341e+01
1.801057143092111801e+01
2.567998412803217434e+01
1.296309101016777277e+01
3.369196412704332033e+01
5.755385789259162266e+01
2.573124997331137820e+01
1.726340029531820619e+01
3.618384165917086648e+01
5.948359933546453249e+01
8.019531673275196226e+00
3.323665398732555332e+01
4.199660282376311216e+01
3.530996887791843619e+01
2.204798329192954043e+01
3.277910349026205949e+01
1.539268196104421804e+01
1.410992371067305839e+01
2.110796978868529550e+01
2.405092719449169181e+01
2.468505984141665976e+01
2.009838944562693541e+01
2.856965801510887104e+01
2.568943215246144973e+01
3.255591233561790432e+01
1.518718538799186035e+01
3.443392828347305112e+01
3.418019157450726198e+01
2.481105442590890675e+01
2.364752186829582570e+01
2.639160704250207345e+01
5.321686252101608261e+01
2.966226370261392731e+01
2.404131005092267515e+01
2.810382420167297823e+01
2.118035358380987532e+01
5.332752937240729807e+01
2.551399429386947304e+01
2.458991533127118601e+01
2.049479438946582377e+01
2.891173719373955464e+01
2.758825306978678782e+01
4.251400261148819482e+01
2.811755453012392536e+01
2.646327393894716806e+01
2.655101865116557747e+01
1.110852048917427837e+00
3.614544147060951218e+01
7.236888795949926134e+01
3.710492438465007581e+01
2.161122261100842934e+01
4.334530430904851528e+01
2.352088628379715374e+01
3.227285720077088627e+01
4.386735247871547472e+01
2.985758789308601990e+01
2.668488171574927037e+01
2.669340086411466473e+01
2.520764473962321972e+01
3.489504578012406455e+01
2.739025190806569299e+01
4.124788485601311550e+01
3.105472455138806254e+01
2.534125626620425464e+01
2.868956072037042304e+01
3.764305049979930118e+01
3.494685629439118202e+01
2.860519999957978143e+01
3.289174649882261292e+01
6.639028818323276937e+01
4.392274344069119252e+01
2.858096754745929502e+01
2.256203057753202756e+01
5.890398980744066648e+01
3.762854463051189668e+01
4.273863688992332754e+01
2.631195718841641451e+01
3.417718362576124491e+01
1.994812090491177514e+01
3.718884080206953513e+01
4.041562538199650589e+01
2.986669756480932847e+01
2.926719716120351222e+01
2.038305252651653632e+01
2.792288011435951489e+01
2.420526179828539171e+01
4.483202420134330168e+01
3.194113479880616069e+01
2.614958544107503258e+01
3.621954584428602431e+01
4.905234229790221434e+01
2.139934297285537923e+01
5.859818541841377737e+00
3.380643383343704045e+01
4.093372237233374733e+00
5.229999680254877603e+00
4.867638342651162020e+01
2.993006949750179047e+01
2.897133539176138584e+01
4.267930900360806845e+01
4.164833268581423908e+01
2.653622284587947888e+01
3.155308508663074463e+01
3.492108928194011241e+01
5.043924297204227969e+00
2.509775951218580303e+01
1.259015927478503727e+01
2.734114578004664509e+01
3.003667334427791502e+01
2.601036374555474140e+01
5.173828370043338509e+00
2.579554681843455910e+01
5.758528652910626988e+01
2.276334908812455637e+01
2.803444122292285101e+01
3.268663865130156410e+01
3.735720406853283748e+01
2.733464383253908636e+01
3.979535003478667932e+01
4.258220119037468976e+01
4.875831663995631970e+01
3.965149037764786044e+01
1.720969975417312980e+01
6.173425556486290589e+01
4.657743283020772651e+01
2.667801186128258450e+01
3.782591538849374047e+01
4.662759850151587671e+00
1.790560649769031443e+01
4.157451285206479952e+01
1.615461738908925327e+01
2.393374133168225626e+01
3.209460395470887306e+01
2.870489134265517350e+01
2.183508700880406650e+01
2.477457840962124891e+01
3.403125699720658304e+01
5.562509183768861476e+01
2.993739643455137411e+01
2.999541352436062880e+01
3.226802233533817343e+01
3.162109729640178557e+01
5.602863449987489730e+01
3.353711549018044025e+01
2.053089867283961212e+01
4.474854006017795882e+01
5.025866434184717946e+01
4.488458019183599390e+01
2.246920244725606608e+01
1.074136883034255030e+00
5.371225351111468171e+01
5.390148427094391081e+01
2.160330898566871838e+01
2.349990433084678898e+01
2.927504544967450784e+01
4.160369388751951192e+01
4.589307434868533164e+01
3.041248744879158039e+01
3.275851543313183356e+01
2.576523545375835056e+01
3.153776532365736784e+01
2.704521072665374959e+01
2.312935162188212246e+01
3.776153244114539120e+01
3.204536081899641431e+01
3.488422609041663236e+01
4.578210335840776679e+01
5.418791360472096130e+01
4.213378691438992973e+01
9.179999312791551347e+00
4.274754298496554838e+01
3.863398921257430629e+01
6.405373951629735529e+01
4.111958793917438015e+01
1.268102790920829648e+01
2.802705447645894310e+01
2.150733726399448642e+01
3.916637792986148270e+01
2.396376920782245179e+01
2.954967442651650344e+01
3.427487883160938509e+01
2.391147232699756842e+01
2.811684127674448064e+01
3.658512972421340237e+01
2.858961925098446955e+01
4.021818971737502579e+01
2.162354638588692524e+01
1.240831536258951928e+01
1.390051984614547109e+01
1.347968349121401843e+01
3.473057284969399916e+01
6.839305480389157310e+01
2.260863717306375520e+01
5.876512477326286898e+01
4.219628266606503075e+01
4.423764605699761887e+01
2.378170874887553055e+01
5.961961163005253184e+01
5.488395710133409011e+01
3.994409685227128648e+01
3.236979840906315076e+00
2.239712881337800354e+01
6.177783326453209156e+00
3.238449224410601346e+01
3.930048653451376595e+01
5.483377850690203559e+01
2.243043236502182936e+01
3.901219083839532686e+01
2.742198770628601778e+01
2.379012897679012895e+01
3.166747426121037279e+01
3.009409942926868098e+01
7.705619822801918417e+01
2.755917443151122370e+01
5.211903597635193819e+01
5.510574757571095716e+01
2.232624615512294497e+01
2.582806408064880088e+01
1.889606130138781737e+01
3.615133040633918426e+01
3.929248893837575451e+01
2.569055787534671254e+01
4.482800466543994844e+01
5.371371932931288029e+01
2.647704024152153579e+01
3.947605039075983768e+01
4.435666582405974623e+01
2.735672329232011180e+01
2.762911589147915947e+01
4.767354389314277796e+00
5.387824965600884752e+01
7.534392815732280724e+01
4.029999784584651934e+01
2.337726994029435446e+01
2.489863889629884852e+01
3.283740662659647569e+01
5.692656535312926280e+01
2.582448908323203796e+01
4.946314870845526457e+01
3.718267887341789901e+01
2.863123448583610298e+01
2.478223092292091678e+01
8.161067499990167562e+00
1.282679857545736013e+01
2.484291347072849021e+01
3.110947939132211104e+01
6.198561078646889655e+00
2.551908558457080289e+01
2.630163954055410613e+01
4.814311189721411210e+01
1.014903201191918924e+01
4.225111740311234598e+00
4.942692212932763596e+01
2.574537436997445639e+01
6.633632180659333244e+01
5.502664697880391032e+01
3.052436467602092307e+01
3.376863574189746942e+01
2.525165476770541773e+01
3.276845967496046796e+01
4.044534609398272806e+00
2.894290375416130701e+01
3.935893110997858457e+01
4.753098749478385798e+01
1.112147084873868152e+01
2.341837268350076329e+01
1.936462567217284914e+01
4.684575603131304433e+01
4.280633210543055611e+01
2.538990045674836438e+01
1.951209264701901702e+00
3.338091857007020735e+01
3.177007704674906563e+01
3.232665752971661277e+01
4.369373227635946932e+00
3.479810952774005273e+01
2.657561707575860055e+01
2.518890839906362089e+00
2.480586569801127439e+01
8.312029277589317644e+00
2.820197243310212798e+01
2.121841502931414425e+01
4.376747580943447247e+01
4.407662529600656853e+00
2.495160454845483855e+01
3.946421761702367803e+01
4.209757701767375693e+01
1.268880399478931054e+00
3.661428262361732777e+01
2.698020424721304167e+01
3.299117496732651489e+01
3.789240629547930439e+01
3.163309022459725384e+01
2.532142521034984384e+01
3.512341101746278582e+01
1.617388329449883599e+01
3.152986094995685562e+01
2.428652064733250882e+01
3.041267621144652367e+01
2.666813318916229036e+01
5.313593996161944233e+01
2.390683704155799205e+01
3.934228260423333268e+01
7.440406509245804045e+00
3.543179484005486302e+01
2.827697124586848076e+01
2.887955761666547971e+01
4.734356809961172985e+01
4.965053270154749043e+01
6.958109127294846985e+01
4.172868501645280048e+01
3.156425191365269711e+01
1.660926953451416921e+01
3.457028611399437068e+01
3.135319958155196218e+01
2.243205562401590214e+01
3.059353242593351752e+01
1.736797931579459942e+01
2.985037080469186321e+01
2.586807637401955162e+01
3.120535806038878945e+01
4.636313230930863938e+01
2.606263472238219947e+01
2.557050029586207529e+00
4.873221141763497144e+01
3.055405487862299196e+01
2.470941298970683420e+01
4.594602091750130057e+01
3.473955097247926460e+01
2.484682067788935456e+01
3.249070145485893590e+01
4.194915454374859110e+01
2.352207878828608045e+01
4.597094264396764629e+01
4.448427024521606654e+01
2.877855424674635287e+01
4.245317755604628474e+01
3.465004548797151074e+01
2.061482951384272155e+01
6.242632268666056916e+00
2.684904967656439112e+01
5.303693380201821128e+01
1.672906582010227794e+00
4.122504903969456791e+01
3.477266781908838311e+01
3.019026197894982033e+01
2.039139777096397665e+01
2.398111105765838147e+01
4.524468746385537088e+01
2.966129434394360942e+01
3.187723550917144166e+01
2.280031966728051884e+01
1.049744981895597284e+00
2.733529807188097038e+01
2.722891559979507292e+01
2.792361389594907450e+01
5.689333471045756596e+00
5.097203988056207891e+00
2.816773098501380446e+01
9.358531279849557905e+00
3.208436737268630168e+01
2.788848102467090939e+01
3.373890404483563543e+01
2.271318455655000434e+01
8.813888948915064248e+00
2.655582395405372154e+01
2.325630144782587649e+01
2.727215333327512781e+01
3.227176595489436295e+01
2.601136833193595521e+01
6.437273172050481662e+01
4.118160044039859713e+01
2.725946965421007917e+01
5.436220334639074281e+00
4.144976978632712417e+00
2.049130695160420146e+01
4.197265061019788845e+01
2.254386144520458402e+01
2.529104672394726094e+01
4.366081777791259810e+01
3.586178716657741461e+01
4.581679700851964299e+01
2.767266329525591573e+01
2.956671935716553890e+01
3.509863718382257503e+01
2.681374611794366558e+01
3.797350436550846098e+01
3.382018125858303392e+01
2.453715269577514846e+01
2.157008347824694283e+01
6.746454474709025817e+01
2.056132111488113878e+01
6.357831259359954856e+00
1.159306070056427274e+00
5.786705276747761673e+01
4.637549477783977636e+00
4.206546471907910245e+01
3.104287667498101655e+01
1.639991120322065399e+01
3.003573463382053887e+01
6.773075145101756789e+01
2.211827677959809080e+01
3.204546841062256135e+01
2.492433005407383462e+01
4.678123240381728465e+01
2.315006222532610991e+01
2.091886359778527549e+01
2.430740841787162765e+01
2.608184612681998260e+01
5.082108879933366552e+01
3.061060386161625502e+01
5.394485173502471298e+01
4.959544802562413679e+01
3.332453611512028147e+01
4.413583152760065786e+01
5.143896052560739918e+01
2.413593115953017332e+01
4.181597547623329092e+01
2.853237489612365607e+01
2.727804321147596056e+01
2.115885018112840044e+01
4.526315189650631510e+01
2.456423784665821586e+01
3.635744895731903625e+00
1.259512542793117973e+00
6.667751566073275171e+01
4.290711600154224925e+00
3.005870841028809082e+01
2.637030364821362127e+01
3.884804820500721689e+01
2.585844920521617496e+01
3.403207449449109845e+01
2.113386988926851018e+01
4.333489016318344511e+01
3.030341363524348708e+01
2.477151179938482528e+01
4.964177978924271883e+01
4.218111459018837195e+01
3.713878974381805165e+01
2.546331082817778224e+01
3.082133882140260539e+01
4.277525180763041135e+01
2.330453723601328875e+01
2.090431501700913941e+01
4.150748169032158330e+01
3.508148332225391641e+01
3.532318990048224805e+01
5.438695428956361866e+01
3.949447183223310276e+01
5.293701316586897576e+00
4.754654602669324959e+01
6.053264526695420500e+01
2.431238238621904202e+01
2.912265333724644734e+01
4.129089036252116784e+01
3.524424044767511077e+01
2.926717134884484040e+01
3.635529631064855494e+01
5.315930075018172829e+00
5.347139826195234491e+01
3.845057944588370447e+01
5.131406990176765248e+01
1.425523619653858987e+00
2.301984458601316419e+01
4.945625694414775353e+01
5.581516377212392399e+01
2.863302009388507940e+01
7.342205472181376535e+00
2.169580550419198062e+01
2.514225475892681061e+01
3.168065152052622580e+01
2.483255806498742047e+01
2.159775322678240173e+01
3.236547724349657074e+01
2.253139645125338575e+01
4.125081282205610478e+01
3.435164587455392393e+01
4.930652072704697275e+01
4.123958364683267064e+01
2.251873915594865139e+01
5.116983266474017000e+01
2.499819939809867719e+01
3.463070253964906442e+01
2.648454620134350534e+01
3.695634342003722850e+01
2.585231702148848854e+01
5.934699750022264197e+01
1.611146726778224547e+01
5.626715987536499597e+00
5.045401225445289128e+00
2.841641665168208419e+01
3.053891669097902195e+01
1.683110778390073392e+00
4.019992428664454565e+01
2.783625535573219167e+01
5.191494338327538571e+01
2.065141732664983465e+00
2.670977457604385563e+01
4.455921887693932604e+00
2.480288270938763162e+01
1.224816298276152793e+00
4.241355255083180964e+01
5.314047590411064448e+01
2.503564663626036690e+01
5.749926524615148082e+00
2.441533234861170598e+01
4.661161289230221882e+01
3.600451418157899752e+01
1.543742318495060317e+01
1.335259192790772431e+00
2.338062332225672435e+01
4.156650461890967563e+01
4.703494675934308589e+00
2.189607581814107107e+01
2.292391028677593567e+01
4.629692123433051165e+01
4.205986783900152659e+01
4.087273696491320152e+01
1.953639897383254720e+01
5.926377953406856136e+00
2.307391924759258472e+01
4.385599101871775929e+00
1.418742897240258571e+01
4.344343124102579168e+00
2.468561775839273764e+01
2.821582258187845582e+01
2.151667414590656335e+01
3.326660484200874635e+01
2.665385909370070294e+01
5.980244608364304781e+01
3.233133256131259259e+01
6.279762874492735136e+01
3.021056678860622924e+01
2.636448964318515209e+01
2.665575267232111401e+01
4.419768484370251826e+00
2.927574833932703768e+01
4.775817178236320615e+01
2.704360073414136423e+01
3.170459790495260677e+01
4.939668936101406871e+01
5.577319153881398961e+01
4.026257922643253551e+00
4.856034090757233912e+01
3.100181473043630831e+01
2.551454985447344370e+01
3.570643483690219000e+01
3.822172144671276328e+01
5.528913131154013172e+01
2.694064710913121274e+01
5.497433760882995557e+01
2.210667078576216227e+01
2.995852068363456056e+01
3.700151387842925033e+01
2.340404878560519819e+01
4.747414136886618508e+01
4.523786859683605144e+01
4.126534343425151974e+01
2.741669379086670233e+01
3.946478163725805643e+01
2.667212848111375934e+01
3.504057549796493731e+01
6.377993865346434177e+01
2.587996377725903585e+01
2.630768272460863955e+01
2.744736383755844145e+01
3.670410284190802486e+01
5.585884692685795017e+00
5.498300923373608384e+01
2.569498308885795268e+01
2.974480831360779121e+01
2.070502247515202043e+01
2.179880849459601322e+01
3.138278301525861025e+01
2.991594880527554778e+01
6.201905522611923516e+00
3.485041729932345334e+01
5.037078864711656934e+01
2.838523118227249142e+01
4.512475967079325301e+00
2.715136050809564949e+01
3.614796380815823795e+01
9.651389116339714747e+00
4.512393780875706639e+00
2.494873684214962850e+01
2.099296698427815500e+01
4.262516686209323780e+00
4.061139714027149239e+00
1.648855526341412769e+01
2.309104775781702301e+01
3.021762203119578771e+01
3.831848465750874766e+01
2.287366309935805475e+01
2.036718960171447179e+01
1.025973134625896011e+00
2.180048686823147364e+01
6.180326891440836334e+01
2.765465932085493250e+01
5.552889172274444718e+01
4.040042957852710970e+01
2.476416371453979082e+01
3.465051614005642477e+01
2.528479076642372547e+01
1.837986551306494221e+01
5.444068955106195062e+01
2.596151668321181205e+01
2.373722665649711416e+01
4.924453883132082410e+01
2.855668074833010905e+01
6.100411623631043767e+01
3.212991864632931538e+01
4.359297065394639503e+01
2.245948852200666579e+01
4.425774367541816900e+01
1.371833154159503465e+00
2.508184216554946033e+01
2.451836369855300291e+00
2.378773123539440348e+01
4.286784709879430011e+01
3.585096238796541002e+01
1.055624394505653818e+00
2.570040023836918408e+01
2.906326804289710708e+01
2.834367180615663528e+01
2.611350694343491341e+01
2.750157701190801163e+01
5.776392512175607408e+01
2.392916992525738351e+01
5.976822079582461811e+00
3.089401585490668367e+01
2.608963564644346889e+01
3.848638751852558926e+01
6.862164398932375065e+00
3.209902552532366826e+01
2.500137566725970828e+01
1.425272686928110488e+00
3.653636932805238757e+01
2.319121524086250474e+01
2.331824370876927333e+01
1.184365394376087899e+00
3.197783551242537214e+01
7.328918155710562132e+01
1.230317291912982114e+00
2.286443523010336776e+01
2.174092565197062754e+01
2.347718842943868367e+01
3.218383687935784110e+01
1.396600765086321871e+01
2.708024750792537816e+01
2.279774793532533295e+01
2.558194654187900596e+01
2.733448990450415295e+01
2.500991754538199530e+01
2.785787703812093241e+01
6.487223463413465652e+01
2.260205628187475213e+01
2.422288335871598974e+00
1.822824634964490542e+00
2.271317376406477706e+01
3.174698038169117353e+01
5.187389040036941878e+01
3.859721816480123380e+01
3.418663315166486427e+01
2.401214569940520960e+01
3.469730296837951755e+01
5.493618508942017797e+01
1.042007432923253596e+00
2.749443732604777324e+01
3.092721317560790339e+01
2.233456307054427725e+01
7.541266092254636533e+01
4.750858462773612700e+01
1.766940173851617146e+01
2.308047913712243826e+01
4.378845933680713642e+01
1.614034053236817456e+01
2.380010482151179474e+01
4.423464542670990340e+01
2.102950303073885152e+01
2.643916758298564673e+01
2.477942781451047694e+01
5.105672260106075555e+01
2.900847829562189872e+01
1.451973665121477097e+01
3.878450417678752160e+01
3.245791521078899677e+01
6.214391599638474872e+00
3.588195769795856904e+01
4.011443551946285879e+01
9.435896762617630884e+00
4.460881308933448963e+01
4.964234788862995629e+00
2.757046160934987711e+01
1.776407549649775319e+01
2.290957613157843298e+01
2.558808321916876594e+01
7.284529143225518055e+01
2.599185362879143213e+01
3.338094508814037908e+00
2.388777768768613896e+01
2.619906487231583014e+01
4.650696964129019761e+01
4.456119854050029971e+01
2.578621230996486702e+01
4.089628628510945418e+01
2.379027469810989714e+01
4.101205024570299429e+01
4.157299185542797204e+00
1.346269719603667703e+00
3.654909978905925527e+01
3.018090952463535359e+01
1.658458214070413916e+01
1.872068803227011813e+01
2.604795695132565925e+00
4.363861983254241750e+01
8.170683986187214032e+00
4.013795861646212870e+01
3.831255772233532753e+01
2.408974871898499259e+01
2.613756852244273432e+01
5.469355815330436599e+01
4.137820370531699155e+01
2.652308682090341563e+01
2.075385052823730803e+01
4.348261493638062802e+00
2.692688385370774995e+01
4.695825648185564205e+01
1.404157672266251211e+00
3.132242875780866598e+01
3.949332296614102233e+00
2.523239496567657625e+01
2.361474577392345964e+01
2.443192634526349138e+01
2.745055174453045765e+01
5.964606985938735306e+01
3.531750718711555237e+01
2.921858056520068203e+01
2.633393113009333319e+01
3.693518592175678350e+01
2.896750516484689797e+01
2.546689754065801026e+01
4.227680141226483101e+01
2.498205111483730434e+01
2.713873377665368025e+01
3.438242011773400009e+01
2.921231082244776189e+01
2.440423318004488351e+01
5.553286299136539128e+01
2.307438263438325521e+01
4.896464564334746683e+01
7.700651785453374032e+00
2.176992689548929505e+01
2.473291755468542163e+01
3.593869039740820881e+01
1.469906225579961756e+00
2.783806574106614562e+01
4.041957579547670321e+00
2.495122883207932318e+01
1.730956392095390584e+01
2.756725283368371038e+01
2.063059747923216491e+01
2.771917808982834686e+00
2.473786793259114347e+01
3.649216067380621098e+01
2.572757316323941268e+01
2.969296761680743657e+01
2.128595936991052895e+01
2.944107871867527138e+01
3.928359267591258686e+01
5.946486996603198349e+00
2.365576942254624271e+01
3.556546694483040483e+01
3.105143299560586456e+01
6.077629768871702254e+00
4.214630595460494078e+01
4.901995388652358088e+01
4.079971673822751654e+01
1.976108032940555859e+01
2.645291145797818899e+01
2.425512921683287004e+01
1.064905109794017335e+01
3.675990486769410381e+01
2.663254340989658431e+01
7.062703620364118251e+00
2.995839559624437243e+01
2.178611946679279754e+01
1.446539571755181441e+00
4.231101201205456164e+01
3.216056707664392889e+01
3.843883741277386434e+01
2.137980827032151865e+01
4.603827463502238970e+01
4.249474448864566511e+01
3.416803699179581599e+01
3.485180740707437508e+01
2.404332424216045183e+01
3.503285153810793418e+00
2.476556081002308929e+01
2.959844933342810691e+01
2.267729240913513422e+01
5.416686191597364086e+00
6.412032334879040718e+01
1.626181644511234481e+01
3.134585570061244653e+01
3.426799110961292172e+01
1.747110797919248171e+00
2.177816852060161068e+01
1.953969583651428366e+01
5.234364464429972941e+00
4.034504606950940797e+01
5.156095907621784136e+01
5.866210371155602843e+01
1.756156607257435098e+01
2.141544574209865459e+01
2.343483041747458628e+01
6.689956417350913398e+00
5.615418864408275113e+01
2.221081625402075588e+01
2.739976802643809606e+01
2.635791606668499298e+01
4.478976724077074323e+01
2.943271604589244816e+01
5.732876548796792804e+01
4.095136953510518651e+01
2.507631010111747116e+01
3.135471088708072784e+01
4.853901124175172299e+01
4.984489157214466104e+01
3.116576475993497297e+01
4.312166132409765851e+01
3.038257419479486998e+01
3.846365815666922572e+01
1.454337505728062752e+00
9.479621088827116182e+00
2.437820937688320555e+01
2.809321500973646835e+01
3.097683258233792003e+01
5.148369131202343851e+01
4.593748639035038650e+01
5.859887305137817748e+01
4.387352076669412781e+01
5.135953649718067027e+01
3.048780142508621793e+01
2.938827715679508401e+01
1.171441997824149439e+01
6.898969301667966647e+01
3.299338992824050365e+01
8.184039454368758015e+00
3.720399536272452679e+01
3.479783619727459154e+01
2.304334469648802042e+01
2.748532529981184780e+01
3.486806199111561000e+01
2.250542990910116714e+01
4.501018144204863347e+00
2.820515021227727459e+00
3.320408362588750606e+01
2.943368962338990968e+01
6.051266002343618311e+01
2.748513695681322133e+01
3.415679605363402516e+01
2.550005692603190255e+01
3.894105917819979368e+01
4.178580593549122568e+01
2.715125578954848606e+01
5.084682076787612459e+01
1.572450063226278871e+01
6.909478260402102023e+01
4.190414611125015654e+01
4.387555054291260603e+01
3.044794272419676417e+01
1.310404892265637500e+00
2.612103333376217051e+01
2.920031322294107667e+01
2.980434215286095423e+01
5.435932684049475938e+01
2.698775132907030638e+01
3.737425996025012864e+01
2.830843864215830763e+01
3.222397528860165039e+01
5.401201519532619955e+00
5.091148944803717313e+01
3.127686855323554482e+01
3.484276238406164339e+01
2.313009017451531690e+01
5.919377658564235389e+01
2.718431176790545578e+01
2.381576017349266294e+01
3.047027398382124375e+01
5.381103896000422537e+01
4.770378891324401138e+01
4.789136041903111618e+01
2.582632397612178465e+01
3.468044415719487006e+01
3.748001134074729634e+01
3.487139791141817113e+01
6.303825060615781695e+01
3.106365689915946859e+01
6.088477800300501031e+01
2.288596410810021098e+01
3.064024767438377239e+01
2.272009994276788802e+01
3.054926438462098304e+01
2.921853200204714085e+01
2.279397258600698706e+01
6.330640737849535071e+01
6.095584502595011145e+01
2.522789164306486498e+01
2.953398806425229850e+01
4.436688445387153479e+01
3.322640157391288085e+01
2.919801865729095880e+01
3.221762262278934941e+01
4.552800735879372951e+01
3.450995635882509305e+01
5.321851013737887115e+01
3.967996446291067514e+00
2.782920276132949766e+01
1.451406495971787081e+01
4.166482967598130926e+01
2.753476242412943975e+01
2.457408464984871443e+01
2.142108658756478690e+01
1.228068154017648794e+00
2.383082379873599166e+01
7.003199178259819746e+00
4.154684698689379729e+00
2.314931291196626262e+01
1.080402334161627564e+00
1.995616963978682179e+01
3.226380515261826076e+01
8.868936652925640374e+00
3.375321674145197903e+01
2.466481747893641341e+01
4.674474335828676885e+00
4.307441112137894379e+01
2.787586825079733899e+01
2.919627869952819310e+00
2.611644178785809345e+01
2.456097651055779352e+01
4.440783263407683989e+01
2.423389567753611118e+01
2.414260375952556359e+01
3.226387715431133074e+01
4.101848619033580690e+01
5.573904293036321178e+01
4.071305501309097963e+00
2.767440434166418584e+01
2.558529016689863056e+01
2.681495089269083110e+01
3.478269283604458906e+01
4.429801555698759330e+01
1.267137441711156498e+00
3.405434324483940145e+01
3.619287599409381073e+01
2.975199910933952197e+00
4.717716369268600829e+01
5.734359713176672813e+00
2.620295915012775367e+01
4.141977650878470740e+01
4.077176536547358410e+01
3.390362394390831469e+01
2.407423650146353111e+01
2.445583882635511941e+01
3.729996306859538890e+01
3.742118727439469694e+01
3.544805446480313549e+01
7.261909277323866263e+00
3.200055089303350542e+01
2.977619325701380149e+01
2.533698850130522828e+01
2.500257434363879838e+01
2.759507880477667641e+01
1.347769912104908485e+00
4.130212217281950871e+01
2.504429208451324484e+01
2.800350241933483630e+01
7.668765599415655743e+01
5.630158796628165874e+00
6.333765064593535499e+00
1.124263714386460222e+00
2.722616917073173681e+01
2.612667754654830787e+01
2.510367200222731299e+01
4.568843331527773444e+01
2.271268727466167547e+01
2.552580295401753574e+00
2.555614900185901206e+00
9.410975281847640872e+00
6.648547173046972603e+01
2.826888733591346181e+01
2.814562125798693160e+01
5.064983973941343720e+01
3.607668266479822705e+01
2.412885233449014777e+01
2.736057804372740065e+01
4.246503087331802817e+01
2.530716331244911999e+01
2.347324676026346424e+01
3.073208488584896259e+00
5.227634522272273898e+01
3.063483560062513789e+01
1.096683526657386665e+00
2.337895084046886041e+01
2.619036593239979993e+01
1.172097497870908001e+00
3.922302446937646891e+01
3.838769797529550942e+01
2.714636182800313691e+01
2.646954769541844144e+01
2.395316869372800284e+01
2.404779458697157679e+01
2.331727577384754113e+01
5.364312149182751455e+01
9.812260532997697737e+00
2.404315403568034526e+00
3.831272187104332261e+00
7.652742063827645325e+00
2.346656898418223136e+01
2.890654627681942657e+01
2.717847865209841984e+01
4.857211765555985039e+01
3.681242451503931079e+01
2.510750336963064910e+01
2.454944137864094955e+01
2.774145373475130327e+01
4.233067519503674703e+01
2.975620739931400749e+01
5.034406511884753854e+00
2.167248565976660757e+01
2.381396558724918577e+01
3.925462545758637134e+01
3.000785206162254326e+01
3.515968054638506146e+01
2.185249364796118243e+01
3.383331706760009183e+01
3.440660153279895894e+01
2.930144275604106952e+01
4.045929641370457830e+01
2.726351272631319489e+01
3.371358185905410210e+01
3.105075259337354510e+01
2.878753674848758237e+01
4.595426750920523773e+01
3.877138771960744634e+01
4.044720960190170445e+01
4.709993358497013105e+01
1.338380833409965831e+00
2.302944742078660312e+01
2.940568353192611539e+01
1.522144233362632804e+01
1.548503297134629975e+01
3.326772562699625269e+01
4.104654759590630420e+00
2.936564515175996348e+01
2.595247718727478059e+01
5.022786303391101548e+00
2.631783032315979654e+01
1.125375719155272236e+01
1.931274932547384537e+01
4.178918843450082932e+01
2.426065071582888777e+01
3.138490222004111274e+01
4.490847689163638279e+01
